1506
1519
1525
1536
1551
1562
1564
1566
1572
1593
1612
1614
1619
1638
1645
1662
1680
1706
1707
1714
1720
1729
1736
1756
1762
1781
1783
1790
1792
1802
1803
1809
1851
1855
1858
1862
1875
1882
1883
1886
1901
1902
1906
1921
1944
1955
1960
1961
1986
1992
2015
2026
2035
2041
2050
2090
2093
2112
2113
2114
2115
2120
2128
2135
2136
2141
2144
2148
2150
2160
2164
2176
2181
2191
2199
2217
2219
2233
2247
2255
2257
2259
2261
2266
2274
2285
2294
2297
2299
2314
2326
2337
2338
2347
2371
2385
2392
2395
2410
2430
2440
2449
2452
2472
2492
2497
2498
2504
2521
2528
2529
2539
2540
2558
2571
2572
2587
2590
2602
2603
2613
2617
2618
2620
2628
2636
2645
2662
2663
2674
2675
2677
2690
2695
2702
2704
2711
2717
2724
2725
2730
2735
2739
2752
2760
2770
2785
2791
2801
2808
2818
2819
2836
2852
2863
2869
2874
2882
2888
2892
2895
2899
2900
2905
2909
2913
2915
2916
2927
2936
2942
2946
2970
2972
2976
2987
2990
2991