3069
3108
3343
3438
3460
3470
3471
3480
3482
3494
3499
3503
3509
3517
3522
3523
3526
3529
3534
3541
3551
3565
3571
3586
3587
3607
3608
3610
3612
3613
3627
3629
3648
3657
3661
3669
3682
3683
3703
3707
3716
3722
3739
3754
3756
3761
3767
3768
3801
3813
3819
3830
3833
3844
3848
3863
3870
3874
3877
3883
3887
3891
3907
3909
3920
3926
3928
3932
3983
3985
4016
4020
4022
4035
4051
4052
4057
4078
4093
4104
4107
4119
4120
4121
4123
4128
4141
4151
4154
4157
4169
4178
4209
4210
4213
4215
4217
4227
4230
4245
4259
4271
4274
4277
4285
4292
4295
4297
4337
4347
4348
4351
4353
4356
4361
4371
4374
4400
4402
4410
4435
4449
4473
4484
