29
30
44
57
70
97
105
106
107
113
118
119
150
153
180
194
209
226
241
271
286
304
312
323
337
348
358
365
376
380
403
408
431
436
442
451
460
477
481
485
490
493
496
515
520
521
523
526
537
541
543
548
557
574
576
581
604
607
612
628
635
636
638
643
652
672
683
689
698
706
708
712
714
721
722
743
747
754
761
777
781
786
795
796
826
830
835
841
842
857
860
862
865
877
881
890
897
907
911
927
928
939
944
950
952
953
965
971
975
991
995
997
998
1014
1019
1025
1047
1053
1054
1074
1076
1077
1101
1107
1110
1127
1128
1130
1131
1132
1144
1145
1147
1153
1166
1168
1175
1179
1181
1195
1198
1202
1217
1219
1225
1235
1238
1241
1251
1253
1267
1274
1278
1281
1283
1292
1295
1306
1307
1317
1318
1323
1329
1331
1338
1340
1344
1347
1348
1356
1358
1368
1377
1380
1389
1391
1400
1410
1426
1437
1487
1496